BME680:22.82;997.36;31.06;38.88;133.14/z
VEML6075:14.56;25.40;0.02/z
MPU9250(Acceleration):0.00;0.00;1.00/z
MPU9250(Gyroscope):-0.05;0.08;0.00/z
MPU9250(Magnetometer):23.38;3.97;20.53/z
Coordinates:43.8828;-79.4403/z
Time:6424/z
IR:20.03,19.82,20.73,20.55,20.45,21.14,20.28,20.79,20.85,21.48,21.10,21.30,20.78,21.35,21.17,21.54,20.80,21.16,21.16,21.34,20.58,20.95,21.09,21.09,21.05,21.05,20.29,21.17,20.45,20.90,20.76,21.00,21.69,19.69,21.02,20.61,20.90,20.98,21.20,21.06,21.04,20.93,21.11,20.75,21.34,21.22,21.74,21.22,21.33,20.87,21.71,20.81,21.31,20.83,21.29,20.73,21.24,20.93,21.19,21.23,20.91,20.96,21.01,20.81,20.70,20.78,21.10,21.39,20.78,20.79,20.83,20.86,21.13,20.77,21.38,21.37,21.04,21.06,21.41,20.89,21.04,21.05,21.21,21.04,20.83,21.21,20.59,21.35,20.90,21.10,20.83,21.44,20.78,20.78,21.10,20.62,20.45,20.37,20.86,20.96,20.99,20.64,20.64,21.54,21.49,21.22,21.35,21.42,21.91,21.12,21.58,21.10,21.56,21.28,21.39,21.08,21.16,21.08,20.58,21.20,20.90,20.96,21.25,21.70,21.39,21.06,20.85,21.39,20.04,21.09,20.68,20.97,20.42,20.87,20.71,20.73,20.81,21.01,21.41,21.59,21.08,21.24,21.24,21.61,20.91,21.26,21.25,21.42,20.70,21.40,21.21,21.20,21.16,20.97,21.12,21.29,20.62,21.25,20.48,20.93,21.05,21.15,21.38,21.03,21.23,20.55,21.30,21.36,21.17,21.07,21.23,20.94,21.56,21.13,21.93,21.31,21.06,21.14,21.24,21.45,21.37,21.10,21.20,21.78,21.14,21.42,21.31,21.15,20.82,21.11,20.71,20.54,19.92,20.90,20.99,20.78,20.93,21.31,20.97,21.37,21.39,21.60,21.61,21.25,21.28,21.27,21.07,21.46,20.93,21.28,21.27,21.28,21.23,21.61,21.40,21.39,20.99,21.20,20.95,21.52,20.86,20.87,20.55,20.98,21.11,20.52,20.99,21.06,21.49,20.80,21.54,21.22,21.37,21.65,21.43,21.47,21.25,21.51,21.76,21.49,21.41,20.84,21.43,21.32,22.08,21.33,21.73,21.61,21.32,21.43,20.94,21.19,21.04,21.53,21.20,20.60,20.67,20.95,20.62,21.05,21.15,20.96,21.02,21.59,21.27,21.42,21.61,21.61,20.99,21.63,21.14,21.97,21.30,21.30,21.12,21.61,21.09,21.78,20.90,21.05,20.67,21.39,21.15,21.34,20.74,21.29,21.21,21.44,20.89,20.81,21.23,21.29,20.92,21.03,21.02,21.08,21.40,21.31,21.42,21.29,21.28,21.17,21.28,21.66,21.59,20.86,21.94,21.49,21.05,21.15,21.74,21.63,21.35,21.25,21.13,21.74,20.90,21.17,21.20,21.26,20.92,20.94,21.24,21.26,20.94,21.17,21.20,21.21,21.44,21.07,21.27,21.28,21.29,21.63,21.30,21.79,21.30,21.45,21.28,21.62,21.11,21.26,21.24,21.40,21.39,21.58,21.17,21.54,20.92,21.14,21.02,21.46,20.87,21.46,21.46,20.50,21.49,20.86,21.18,21.60,21.56,20.97,21.25,21.82,21.26,21.53,21.11,21.17,21.43,21.35,21.44,21.17,20.91,21.33,21.39,21.25,21.70,21.27,20.96,21.75,21.65,21.18,21.22,21.27,21.17,20.76,21.46,20.86,21.34,21.36,21.22,21.59,21.43,21.26,21.60,21.43,21.13,21.96,21.29,21.45,21.47,21.46,21.30,21.45,20.94,21.45,21.41,21.42,21.04,21.38,21.33,21.53,20.90,21.29,21.01,21.21,21.37,21.26,21.67,21.52,21.49,20.68,21.73,21.44,21.39,20.80,21.59,21.48,21.42,21.50,21.61,21.67,21.43,21.34,21.76,21.50,21.92,21.83,21.74,21.47,21.53,21.61,21.69,21.74,21.44,21.55,21.83,21.46,21.12,21.60,21.25,21.46,21.14,21.72,21.56,21.55,21.59,21.77,21.26,21.77,21.12,21.28,21.47,21.79,21.46,21.46,21.08,21.28,21.78,21.60,21.58,21.58,21.57,21.37,21.89,21.90,21.87,22.07,21.41,21.66,21.78,21.24,21.22,21.71,21.46,21.59,21.72,21.94,21.89,21.46,21.76,21.64,21.58,21.50,21.78,21.83,21.59,21.50,21.75,21.81,21.56,21.66,21.90,21.60,21.70,21.61,21.49,21.55,21.43,21.16,21.39,21.47,21.09,21.36,20.98,21.23,21.11,21.50,21.54,21.55,21.42,21.59,21.59,21.94,21.62,21.62,21.79,21.95,21.62,21.77,21.59,21.77,21.59,21.57,21.73,21.57,21.37,22.27,21.69,21.87,21.67,21.67,21.41,22.28,21.06,20.75,21.40,21.25,22.25,21.36,22.27,21.77,21.36,21.63,21.75,21.47,21.90,21.15,21.76,21.48,21.58,21.32,21.59,21.64,21.53,21.63,21.89,21.77,21.68,21.60,21.29,21.72,22.01,21.34,21.82,21.23,20.81,21.57,21.85,21.85,21.26,21.89,21.70,21.53,21.38,21.94,21.75,21.75,21.77,21.41,21.59,21.76,21.42,21.77,21.74,21.93,21.40,21.56,21.72,21.92,21.50,21.33,21.47,22.09,21.05,21.06,21.38,22.06,21.27,21.39,22.04,21.23,21.84,21.93,21.88,21.95,21.71,21.44,21.91,21.79,21.89,21.64,21.90,21.26,21.73,21.64,21.90,21.78,21.70,21.80,22.07,22.12,21.27,21.93,21.43,22.10,21.00,21.50,21.78,20.98,21.29,20.82,21.59,21.39,21.64,21.65,21.67,22.28,21.72,21.70,21.73,21.92,21.54,21.73,22.09,22.44,22.11,22.09,21.56,22.28,21.72,21.54,21.88,21.91,21.48,21.68,22.25,21.68,21.63,22.05,21.55,21.61,21.51,21.11,22.26,21.65,20.97,21.91,21.65,22.13,21.49,21.95,21.90,21.41,22.23,21.43,21.73,21.76,21.88,21.95,21.88,21.40,21.85,21.60,21.87,21.93,21.63,21.55,22.01,21.69,21.16,21.70,21.76,21.84,20.97,20.99,21.80,21.57,22.05,21.61,21.66,22.28,21.68,21.87,21.32,22.09,21.54,22.27,21.90,22.10,21.72,22.08,21.90,21.89,21.51,21.69,21.67,21.89,22.06,21.46,21.64,22.49,20.98,21.40,21.77,21.81,21.43,21.55,21.77,21.34,21.79,21.23,22.47,21.66,22.21,22.12,21.68,21.91,21.85,22.14,21.49,21.57,21.85,21.56,21.86,22.48,21.81,22.10,22.04,21.90,21.59,21.49,21.81,21.45,21.56,21.21,21.73,21.34,/z
----------

BME680:22.82;997.36;31.06;38.88;133.14/z
VEML6075:14.56;25.40;0.02/z
MPU9250(Acceleration):0.00;0.00;1.00/z
MPU9250(Gyroscope):-0.05;0.08;0.00/z
MPU9250(Magnetometer):23.38;3.97;20.53/z
Coordinates:43.8828;-79.4403/z
Time:7598/z
----------

BME680:22.82;997.36;31.06;38.88;139.14/z
VEML6075:14.56;25.40;0.02/z
MPU9250(Acceleration):0.00;0.00;1.00/z
MPU9250(Gyroscope):-0.05;0.08;0.00/z
MPU9250(Magnetometer):23.38;3.97;20.53/z
Coordinates:43.8828;-79.4403/z
Time:9598/z
IR:28.92,28.35,28.35,27.36,26.20,26.04,25.94,25.98,26.67,26.12,27.41,27.05,26.17,25.85,25.41,24.72,24.31,24.35,24.11,24.15,23.35,23.38,23.46,22.71,22.60,23.07,23.10,22.92,22.12,23.31,23.34,23.14,28.58,28.26,27.57,27.54,25.76,26.02,26.57,26.37,26.06,26.10,26.61,27.02,25.61,25.28,24.87,24.73,23.97,24.73,23.57,23.98,23.39,23.42,22.91,23.34,22.45,22.71,22.73,22.96,22.88,22.66,22.17,23.91,28.15,27.86,27.43,26.97,25.70,25.12,26.70,26.51,26.38,26.22,26.33,25.46,25.04,24.56,24.69,24.56,23.81,23.85,23.61,23.66,23.05,23.28,23.17,22.83,23.11,22.55,22.80,22.59,22.72,22.99,22.50,22.79,28.60,27.33,26.95,26.71,25.71,25.75,26.08,26.48,26.56,26.02,25.62,25.82,24.70,24.57,24.70,24.57,23.83,23.69,23.82,24.04,23.45,23.30,23.02,23.24,22.77,22.98,22.85,23.05,22.78,22.18,23.02,22.61,27.26,27.03,26.42,25.99,25.87,25.71,26.21,26.25,25.59,25.27,25.57,24.91,24.52,24.22,23.99,24.05,23.34,23.73,23.66,23.51,22.94,22.98,23.07,22.72,22.83,22.31,22.55,22.74,22.82,22.66,23.30,23.57,27.71,26.54,26.20,25.98,25.48,25.90,26.40,26.61,25.41,25.45,25.40,24.92,24.37,24.40,24.01,24.07,23.19,23.58,23.17,24.05,23.14,23.00,23.09,23.66,22.68,22.53,22.77,23.17,22.66,22.70,23.34,25.12,26.45,26.48,25.92,25.97,26.59,26.81,26.35,25.64,24.51,24.91,24.70,24.39,24.19,24.41,24.18,23.74,23.36,23.41,23.52,22.71,23.13,23.39,23.09,23.31,22.68,22.58,22.79,22.44,22.69,22.91,27.73,31.89,26.90,26.25,25.50,26.17,26.40,27.17,25.98,25.82,25.40,24.57,24.36,24.74,23.88,23.76,23.68,23.76,23.38,23.59,23.03,23.58,23.50,23.07,22.76,23.15,22.88,22.78,22.44,23.03,22.92,23.33,32.24,37.95,26.19,25.56,25.67,25.52,25.23,25.46,24.86,24.91,24.69,24.05,24.53,24.23,23.40,23.76,23.88,23.58,23.55,22.95,23.20,22.89,23.02,23.06,23.49,22.99,22.74,22.77,23.55,22.27,22.75,22.98,40.22,42.68,26.21,25.77,25.27,25.92,25.43,25.28,24.87,24.91,24.20,24.07,23.86,24.40,23.41,23.45,23.57,23.76,23.74,23.13,23.39,23.42,22.87,22.74,22.64,22.83,22.41,22.43,22.64,22.66,22.78,25.29,40.35,43.77,25.74,25.56,25.47,25.71,24.67,24.72,24.50,24.19,23.85,23.71,24.02,24.07,23.23,23.12,23.71,23.42,23.24,22.95,23.37,22.76,23.04,22.58,22.78,22.99,22.57,22.28,23.02,22.87,23.14,25.47,37.65,40.14,26.18,25.78,25.88,25.91,25.25,24.73,24.33,24.38,23.69,23.55,23.86,24.08,23.57,23.46,22.89,23.61,23.09,23.13,23.22,23.11,22.89,22.93,22.62,23.17,22.24,22.48,22.48,22.88,22.78,24.72,32.27,34.28,25.72,25.76,25.87,25.31,24.48,24.36,24.33,24.21,23.49,23.55,24.18,23.56,23.71,23.27,23.54,23.42,22.92,22.78,23.22,22.75,23.05,22.42,22.28,22.68,22.23,22.42,22.23,22.85,22.53,23.37,26.66,25.92,26.39,25.97,25.27,25.51,24.68,24.19,24.16,24.39,23.68,23.39,23.68,23.91,23.23,23.28,23.21,23.44,23.10,22.96,22.90,23.10,22.73,22.44,22.31,22.87,21.90,22.26,22.62,22.67,22.75,23.00,24.65,25.10,25.96,25.12,25.46,24.91,23.90,24.53,23.95,23.81,23.99,23.70,23.84,23.89,23.21,23.60,23.55,22.94,22.73,22.76,23.00,22.92,22.69,22.41,22.60,22.44,22.57,22.03,22.58,22.83,22.70,22.78,23.20,23.05,25.98,25.35,25.06,25.31,24.48,24.54,24.32,24.36,23.47,23.36,23.34,23.56,23.05,22.95,22.91,23.44,23.07,22.94,23.18,23.26,22.37,22.42,22.26,22.62,22.06,22.23,22.21,23.03,22.53,21.82,22.39,23.47,25.75,24.90,25.26,24.49,23.89,23.95,23.56,23.44,23.13,23.17,23.65,23.38,23.53,23.58,23.34,23.07,22.88,22.73,22.65,22.52,22.28,22.30,22.89,22.23,22.33,22.37,22.57,22.20,22.11,22.56,22.54,22.57,24.85,25.36,24.64,24.90,24.09,23.96,23.75,24.36,23.31,23.35,23.15,23.38,23.20,23.08,23.36,23.07,22.73,22.40,22.50,22.87,22.29,22.31,22.55,22.78,22.53,22.39,22.59,22.40,22.13,22.38,22.15,23.22,24.35,24.90,24.83,24.47,23.84,23.74,24.08,23.42,23.25,23.34,24.14,23.14,22.63,22.86,22.95,23.52,22.47,22.35,22.75,22.80,22.42,22.44,22.49,22.18,22.03,22.13,22.69,22.38,22.44,21.91,22.68,22.31,24.61,24.68,25.06,24.69,23.85,23.54,23.90,23.80,23.44,23.16,23.44,23.50,22.98,23.21,23.13,22.83,22.48,22.53,22.58,22.99,22.09,22.80,22.69,23.09,22.61,22.32,22.51,22.97,22.47,22.73,22.27,23.40,25.05,24.66,25.26,24.24,24.21,23.70,23.63,24.32,22.98,23.42,23.75,23.09,23.23,22.95,23.42,23.12,22.73,22.45,22.70,22.75,22.49,22.56,23.35,22.87,22.94,22.78,23.03,23.31,22.37,23.06,23.27,23.57,24.59,24.66,24.62,24.90,23.60,23.89,23.64,24.32,23.18,23.42,23.02,23.46,22.69,23.14,22.53,22.94,22.92,22.98,22.70,22.93,22.68,22.93,22.80,23.24,22.77,22.21,22.84,23.31,22.80,22.86,22.84,23.57,24.55,24.90,25.05,24.21,24.17,23.82,23.79,23.66,23.47,23.54,23.69,22.81,22.65,22.89,23.36,23.05,22.67,22.73,22.79,22.47,22.78,23.01,22.90,22.55,22.27,22.72,23.39,22.83,23.13,22.55,23.44,23.75,25.07,24.40,24.11,24.66,23.74,23.61,23.79,23.86,23.47,23.53,23.11,23.39,22.84,22.70,22.81,23.05,23.04,22.54,22.99,23.04,22.60,22.64,23.10,23.35,22.88,22.93,22.78,23.66,22.50,23.20,23.46,24.20,/z
----------